Cl = -0.0914719764 
Cd = 0.2252180251
