Cl = -0.08880164815 
Cd = 0.2269329829
