CL = -1.333973
CD = 0.0.184350
