Cl = -2.380673487 
Cd = 0.3085449269
