Cl = -0.09922792796 
Cd = 0.2259483713
