CL = -2.038804
CD = 0.350885
