Cd.csv: 0.6049712122040203
Cl.csv: 2.500275360182363
CpT_both.csv: -0.503153013558165
CpT_flap1.csv: -0.7631410173358709
CpT_flap2.csv: -0.503153013558165
Cp_both.csv: -0.5031530369004293
X_Direction.csv: 19.292999267578125
Y_Direction.csv: -1.5765162706375122
