CL = -2.317190
CD = 0.359914
