Cl = -1.24735098 
Cd = 0.192775546
