Cd.csv: 0.19869638160638858
Cl.csv: 2.26223905204328
CpT_both.csv: -0.6224750236858339
CpT_flap1.csv: -0.8931792843918818
CpT_flap2.csv: -0.6224750236858339
Cp_both.csv: -0.6224750486011168
X_Direction.csv: 20.124385833740234
Y_Direction.csv: -0.05336475744843483
