Cl = -1.054553787
Cd = 0.3639459805
