Cd.csv: 0.26253047332757007
Cl.csv: 3.223595239202254
CpT_both.csv: -0.7893681432214092
CpT_flap1.csv: -1.3893817813694607
CpT_flap2.csv: -0.7893681432214092
Cp_both.csv: -0.7893681763831358
X_Direction.csv: 20.2954044342041
Y_Direction.csv: -0.07157567888498306
