Cd.csv: 0.30278533417511383
Cl.csv: 3.2386242646104346
CpT_both.csv: -0.80466295322282
CpT_flap1.csv: -1.4202706702853565
CpT_flap2.csv: -0.80466295322282
Cp_both.csv: -0.8046629909821208
X_Direction.csv: 20.284521102905273
Y_Direction.csv: -0.077674001455307
