Cd.csv: 0.7227872585893429
Cl.csv: 3.151481368322551
CpT_both.csv: -0.5901127830825685
CpT_flap1.csv: -1.020084677622711
CpT_flap2.csv: -0.5901127830825685
Cp_both.csv: -0.5901128102234214
X_Direction.csv: 16.706125259399414
Y_Direction.csv: -3.8477048873901367
