Cd.csv: 0.5075553778055106
Cl.csv: 2.652889943499768
CpT_both.csv: -0.5289947382391822
CpT_flap1.csv: -0.8792133017430883
CpT_flap2.csv: -0.5289947382391822
Cp_both.csv: -0.5289947604826616
X_Direction.csv: 20.44603729248047
Y_Direction.csv: -0.04946940764784813
