Cd.csv: 0.4769260796422313
Cl.csv: 3.102166141249819
CpT_both.csv: -0.6741334198734952
CpT_flap1.csv: -1.1406436345877957
CpT_flap2.csv: -0.6741334198734952
Cp_both.csv: -0.6741334470334114
X_Direction.csv: 20.234682083129883
Y_Direction.csv: -0.08018045872449875
