CL = -2.475980
CD = 0.275084
