Cl = -2.223505119 
Cd = 0.3177791156
