CL = -2.054082
CD = 0.364390
