Cd.csv: 0.5527014441765892
Cl.csv: 3.022195809699417
CpT_both.csv: -0.6634817853132687
CpT_flap1.csv: -1.0972879785466827
CpT_flap2.csv: -0.6634817853132687
Cp_both.csv: -0.663481812496893
X_Direction.csv: 19.867420196533203
Y_Direction.csv: 0.6014904975891113
