Cd.csv: 0.5844326376454536
Cl.csv: 2.606557979050966
CpT_both.csv: -0.5577360749387458
CpT_flap1.csv: -0.8471927932154999
CpT_flap2.csv: -0.5577360749387458
Cp_both.csv: -0.5577360983314383
X_Direction.csv: 19.640653610229492
Y_Direction.csv: -1.4440687894821167
