CL = -2.294564
CD = 0.367935
