CL = -1.358925
CD = 0.189118
