Cl = -1.203316788  
Cd = 0.1952307284
