Cl = -1.071355198 
Cd = 0.212896316
