Cl = -2.364638076 
Cd = 0.3105035557
