Cd.csv: 0.21197629666443993
Cl.csv: 2.193739304155985
CpT_both.csv: -0.5959735373931242
CpT_flap1.csv: -0.8639558748995
CpT_flap2.csv: -0.5959735373931242
Cp_both.csv: -0.595973563876404
X_Direction.csv: 20.134368896484375
Y_Direction.csv: -0.05211561173200607
