CL = -1.020343
CD = 0.235505
