CL = -1.368807
CD = 0.177598
