Cd.csv: 0.19552957842120489
Cl.csv: 2.437363165591843
CpT_both.csv: -0.6643022019598118
CpT_flap1.csv: -1.074301996224786
CpT_flap2.csv: -0.6643022019598118
Cp_both.csv: -0.6643022296730908
X_Direction.csv: 20.18132781982422
Y_Direction.csv: -0.0637839064002037
