Cd.csv: 0.2376925825745721
Cl.csv: 2.4350872659351377
CpT_both.csv: -0.6317164074916367
CpT_flap1.csv: -0.9702004832145174
CpT_flap2.csv: -0.6317164074916367
Cp_both.csv: -0.6317164332671655
X_Direction.csv: 20.15477752685547
Y_Direction.csv: -0.062195297330617905
