Cl = -0.1121179634 
Cd = 0.2241760225
