CL = -2.377692
CD = 0.278343
