Cl = -1.105693024 
Cd = 0.2235559762
