Cd.csv: 0.5697132983924188
Cl.csv: 3.2232273904116875
CpT_both.csv: -0.6643411194326097
CpT_flap1.csv: -1.1648540540539278
CpT_flap2.csv: -0.6643411194326097
Cp_both.csv: -0.6643411491558121
X_Direction.csv: 19.721101760864258
Y_Direction.csv: -1.8714650869369507
