Cl = -1.116166875 
Cd = 0.3903428634
