CL = -1.080490
CD = 0.248071
