Cd.csv: 0.29822484729390714
Cl.csv: 3.117279830814137
CpT_both.csv: -0.772464540928151
CpT_flap1.csv: -1.35943035944511
CpT_flap2.csv: -0.772464540928151
Cp_both.csv: -0.7724645762816343
X_Direction.csv: 19.34564208984375
Y_Direction.csv: -1.703467845916748
