Cl = -1.120219
Cd =  0.392542
