Cd.csv: 0.7840164427074363
Cl.csv: 2.9244680155031535
CpT_both.csv: -0.7678094404610873
CpT_flap1.csv: -1.2332939538477716
CpT_flap2.csv: -0.7678094404610873
Cp_both.csv: -0.7678094728442123
X_Direction.csv: 20.318225860595703
Y_Direction.csv: -1.7312902212142944
