Cd.csv: 1.3900942522662538
Cl.csv: 3.751537676441503
CpT_both.csv: -0.9446016536590732
CpT_flap1.csv: -1.7238113453355943
CpT_flap2.csv: -0.9446016536590732
Cp_both.csv: -0.9446016943623123
X_Direction.csv: 20.417003631591797
Y_Direction.csv: -0.09087932109832764
