Cl = -2.168407   
Cd =  0.298664
