Cd.csv: 0.49048155287622147
Cl.csv: 2.482551575756484
CpT_both.csv: -0.7196896924932259
CpT_flap1.csv: -1.0239347532924203
CpT_flap2.csv: -0.7196896924932259
Cp_both.csv: -0.7196897253694895
X_Direction.csv: 19.512279510498047
Y_Direction.csv: -0.6756383776664734
