Cl = -0.06632960747 
Cd = 0.2164184493
