Cd.csv: 0.24031004379954468
Cl.csv: 3.059841487152905
CpT_both.csv: -0.7537407936460647
CpT_flap1.csv: -1.3198766473570158
CpT_flap2.csv: -0.7537407936460647
Cp_both.csv: -0.7537408243072952
X_Direction.csv: 20.28323745727539
Y_Direction.csv: -0.07370920479297638
