Cd.csv: 0.1694762179741917
Cl.csv: 1.9832207801002388
CpT_both.csv: -0.4923471368918025
CpT_flap1.csv: -0.7454079640414105
CpT_flap2.csv: -0.4923471368918025
Cp_both.csv: -0.49234715851086225
X_Direction.csv: 20.107439041137695
Y_Direction.csv: -0.046954404562711716
