CL = -1.265712
CD = 0.166009
