CL = -2.450294
CD = 0.277979
