Cd.csv: 1.1152091982512022
Cl.csv: 3.0445169790092304
CpT_both.csv: -0.759462932947005
CpT_flap1.csv: -1.3630099569783587
CpT_flap2.csv: -0.759462932947005
Cp_both.csv: -0.7594629650664009
X_Direction.csv: 20.33804702758789
Y_Direction.csv: -0.07773518562316895
