CL = -1.111048
CD = 0.241172
