CL = -2.055137
CD = 0.365361
