Cd.csv: 0.1719762040110548
Cl.csv: 1.9234979198559825
CpT_both.csv: -0.5229178595318107
CpT_flap1.csv: -0.7425581796950647
CpT_flap2.csv: -0.5229178595318107
Cp_both.csv: -0.5229178838785498
X_Direction.csv: 20.105690002441406
Y_Direction.csv: -0.05027417093515396
