Cl = -1.08093602 
Cd = 0.2175654747
