Cl = -2.365635806 
Cd = 0.3133186128
