Cd.csv: 0.41735601910803566
Cl.csv: 2.6060651171863274
CpT_both.csv: -0.8283251677393931
CpT_flap1.csv: -1.163930440562379
CpT_flap2.csv: -0.8283251677393931
Cp_both.csv: -0.8283252039136063
X_Direction.csv: 20.086515426635742
Y_Direction.csv: -1.2126922607421875
