Cl = -2.22688641
Cd = 0.3179408146
