Cd.csv: 0.2926810846580996
Cl.csv: 3.361619638890939
CpT_both.csv: -0.8031707579142953
CpT_flap1.csv: -1.4318936754168519
CpT_flap2.csv: -0.8031707579142953
Cp_both.csv: -0.8031707940241811
X_Direction.csv: 20.301090240478516
Y_Direction.csv: -0.07671254873275757
