CL = -2.103592
CD = 0.260638
