Cd.csv: 0.25813605588151506
Cl.csv: 3.187012153021882
CpT_both.csv: -0.805504074936116
CpT_flap1.csv: -1.3881363911987947
CpT_flap2.csv: -0.805504074936116
Cp_both.csv: -0.8055041098291502
X_Direction.csv: 19.96815299987793
Y_Direction.csv: -1.5589284896850586
