Cd.csv: 1.3726164572255415
Cl.csv: 3.7995014688464326
CpT_both.csv: -0.9948680104641969
CpT_flap1.csv: -1.771581448972163
CpT_flap2.csv: -0.9948680104641969
Cp_both.csv: -0.994868052527955
X_Direction.csv: 20.418420791625977
Y_Direction.csv: -0.09774228185415268
