Cd.csv: 1.0259767169683818
Cl.csv: 2.7315377168424377
CpT_both.csv: -0.7159528122344194
CpT_flap1.csv: -1.1773805755578293
CpT_flap2.csv: -0.7159528122344194
Cp_both.csv: -0.715952843278591
X_Direction.csv: 19.94226837158203
Y_Direction.csv: -1.4636180400848389
