Cd.csv: 1.5734914194366991
Cl.csv: 4.179243311410378
CpT_both.csv: -1.1457649959017195
CpT_flap1.csv: -2.015805503345292
CpT_flap2.csv: -1.1457649959017195
Cp_both.csv: -1.145765045935118
X_Direction.csv: 18.04524040222168
Y_Direction.csv: -2.598179578781128
