Cd.csv: 0.6776428689911262
Cl.csv: 2.6395588708249864
CpT_both.csv: -0.5687025726432582
CpT_flap1.csv: -0.8391956274928191
CpT_flap2.csv: -0.5687025726432582
Cp_both.csv: -0.5687025971809604
X_Direction.csv: 20.460416793823242
Y_Direction.csv: -0.05057241767644882
