CL = -1.990111
CD = 0.332592
