CL = -2.017720
CD = 0.340548
