Cd.csv: 0.3759747397765757
Cl.csv: 2.891135612849403
CpT_both.csv: -0.5730555008529458
CpT_flap1.csv: -1.05027389514608
CpT_flap2.csv: -0.5730555008529458
Cp_both.csv: -0.5730555248741501
X_Direction.csv: 20.3394718170166
Y_Direction.csv: -0.056556638330221176
