Cd.csv: 0.2565822471122073
Cl.csv: 2.566142161549416
CpT_both.csv: -0.7636674192666543
CpT_flap1.csv: -1.130827942438043
CpT_flap2.csv: -0.7636674192666543
Cp_both.csv: -0.7636674533856141
X_Direction.csv: 20.175434112548828
Y_Direction.csv: -0.059418752789497375
