Cd.csv: 0.24784012490893023
Cl.csv: 3.259371852780348
CpT_both.csv: -0.8101380639463334
CpT_flap1.csv: -1.4100633337028083
CpT_flap2.csv: -0.8101380639463334
Cp_both.csv: -0.8101381014419863
X_Direction.csv: 19.918968200683594
Y_Direction.csv: -1.8342441320419312
