CL = -1.057690
CD = 0.241167
