Cd.csv: 0.21261736425185612
Cl.csv: 2.524173569217311
CpT_both.csv: -0.7063027716701447
CpT_flap1.csv: -1.1232109348628958
CpT_flap2.csv: -0.7063027716701447
Cp_both.csv: -0.7063028026045335
X_Direction.csv: 19.929941177368164
Y_Direction.csv: -1.5559582710266113
