Cd.csv: 0.5868234044297073
Cl.csv: 2.7718429562369464
CpT_both.csv: -0.5611103788222301
CpT_flap1.csv: -0.9235987665547245
CpT_flap2.csv: -0.5611103788222301
Cp_both.csv: -0.5611104027188856
X_Direction.csv: 20.290618896484375
Y_Direction.csv: 0.007272391580045223
