Cd.csv: 1.5787714995812887
Cl.csv: 4.148760207858869
CpT_both.csv: -1.074559815519402
CpT_flap1.csv: -1.9611029976672427
CpT_flap2.csv: -1.074559815519402
Cp_both.csv: -1.0745598615487182
X_Direction.csv: 14.631916046142578
Y_Direction.csv: -1.9357728958129883
