CL = -1.320518
CD = 0.182784
