Cd.csv: 1.4135051572268913
Cl.csv: 3.6695875237015416
CpT_both.csv: -1.0260926510408566
CpT_flap1.csv: -1.7574988736531703
CpT_flap2.csv: -1.0260926510408566
Cp_both.csv: -1.0260926946411943
X_Direction.csv: 15.708627700805664
Y_Direction.csv: -1.769901990890503
