CL = -1.078501
CD = 0.240538
