Cd.csv: 0.2587764209613238
Cl.csv: 3.262689744880544
CpT_both.csv: -0.820182677127184
CpT_flap1.csv: -1.418130020634169
CpT_flap2.csv: -0.820182677127184
Cp_both.csv: -0.8201827167848725
X_Direction.csv: 16.331172943115234
Y_Direction.csv: -1.3683249950408936
