CL = -2.304504
CD = 0.367132
