Cd.csv: 1.449627709746288
Cl.csv: 3.5906216620794407
CpT_both.csv: -1.0194806928659559
CpT_flap1.csv: -1.7229792272666606
CpT_flap2.csv: -1.0194806928659559
Cp_both.csv: -1.01948073930453
X_Direction.csv: 20.382625579833984
Y_Direction.csv: -0.09459861367940903
