Cl = -1.205538735 
Cd = 0.1962500649
