Cd.csv: 1.3852873589452903
Cl.csv: 3.6157538217704293
CpT_both.csv: -1.0113864460001054
CpT_flap1.csv: -1.7269522261199708
CpT_flap2.csv: -1.0113864460001054
Cp_both.csv: -1.0113864891758817
X_Direction.csv: 20.016773223876953
Y_Direction.csv: -1.9681106805801392
