Cd.csv: 0.2645553395285161
Cl.csv: 2.315974113160333
CpT_both.csv: -0.6576720637025864
CpT_flap1.csv: -0.9772498730824141
CpT_flap2.csv: -0.6576720637025864
Cp_both.csv: -0.6576720919616172
X_Direction.csv: 19.878162384033203
Y_Direction.csv: -1.0137696266174316
