Cl = -1.175707236  
Cd = 0.1867947071
