Cd.csv: 0.24406133100522584
Cl.csv: 3.104877411890176
CpT_both.csv: -0.7740837993070787
CpT_flap1.csv: -1.3474612478856183
CpT_flap2.csv: -0.7740837993070787
Cp_both.csv: -0.7740838351113464
X_Direction.csv: 20.289352416992188
Y_Direction.csv: -0.0775035172700882
