Cl = -2.22311123 
Cd = 0.3140009976
