CL = -2.476482
CD = 0.256611
