Cl = -1.208539819 
Cd = 0.1957182916
