Cd.csv: 0.31237259841288295
Cl.csv: 2.489754767082191
CpT_both.csv: -0.7283572806908185
CpT_flap1.csv: -1.0231421389068514
CpT_flap2.csv: -0.7283572806908185
Cp_both.csv: -0.7283573120195128
X_Direction.csv: 19.857515335083008
Y_Direction.csv: -1.5280638933181763
