Cd.csv: 0.20681979254078198
Cl.csv: 2.339275955610661
CpT_both.csv: -0.6313747222835908
CpT_flap1.csv: -0.9222173510620434
CpT_flap2.csv: -0.6313747222835908
Cp_both.csv: -0.6313747518581383
X_Direction.csv: 20.123388290405273
Y_Direction.csv: -0.05640517920255661
