CL = -0.979476
CD = 0.224130
