Cl = -0.08793082203 
Cd = 0.2235674205
