CL = -2.094260
CD = 0.363884
