CL = -1.063827
CD = 0.242680
