Cl = -2.341382696 
Cd = 0.2885041174
