Cd.csv: 0.23279621086276464
Cl.csv: 2.9989028119971586
CpT_both.csv: -0.7206258369744192
CpT_flap1.csv: -1.2768291372158393
CpT_flap2.csv: -0.7206258369744192
Cp_both.csv: -0.7206258680295482
X_Direction.csv: 20.278350830078125
Y_Direction.csv: -0.06801099330186844
