Cd.csv: 0.24025698145574503
Cl.csv: 2.6174582397548947
CpT_both.csv: -0.7755690777728499
CpT_flap1.csv: -1.2025203277875252
CpT_flap2.csv: -0.7755690777728499
Cp_both.csv: -0.7755691135524769
X_Direction.csv: 14.575380325317383
Y_Direction.csv: -1.1848214864730835
