CL = -1.021622
CD = 0.230195
