Cd.csv: 0.3871448211358132
Cl.csv: 3.3854282228540957
CpT_both.csv: -0.7416486328083279
CpT_flap1.csv: -1.3520148998219488
CpT_flap2.csv: -0.7416486328083279
Cp_both.csv: -0.7416486631000918
X_Direction.csv: 19.92137336730957
Y_Direction.csv: -1.3797515630722046
