Cd.csv: 0.8613371013521773
Cl.csv: 3.0099522337581144
CpT_both.csv: -0.7753603534926684
CpT_flap1.csv: -1.2764990980087394
CpT_flap2.csv: -0.7753603534926684
Cp_both.csv: -0.775360388978996
X_Direction.csv: 20.356035232543945
Y_Direction.csv: -0.08146143704652786
