Cl = -1.050070051 
Cd = 0.2072841572
