Cd.csv: 1.4723980348821744
Cl.csv: 4.14359956043187
CpT_both.csv: -1.0842955729852775
CpT_flap1.csv: -1.9399231236877184
CpT_flap2.csv: -1.0842955729852775
Cp_both.csv: -1.0842956151981198
X_Direction.csv: 17.596179962158203
Y_Direction.csv: -2.4600601196289062
