Cd.csv: 1.23405972156499
Cl.csv: 3.179842582245577
CpT_both.csv: -0.8383734853489629
CpT_flap1.csv: -1.465359931577825
CpT_flap2.csv: -0.8383734853489629
Cp_both.csv: -0.838373524004426
X_Direction.csv: 20.010587692260742
Y_Direction.csv: -1.7743840217590332
