Cd.csv: 1.3484529002432255
Cl.csv: 3.662212170783646
CpT_both.csv: -0.9437740900259881
CpT_flap1.csv: -1.6886378867121488
CpT_flap2.csv: -0.9437740900259881
Cp_both.csv: -0.9437741281671167
X_Direction.csv: 20.3974666595459
Y_Direction.csv: -0.09365122020244598
