CL = -0.979156
CD = 0.223097
