Cd.csv: 1.562752608460507
Cl.csv: 4.043736762779874
CpT_both.csv: -1.0833797795853528
CpT_flap1.csv: -1.9257422123580057
CpT_flap2.csv: -1.0833797795853528
Cp_both.csv: -1.0833798231431115
X_Direction.csv: 20.44927215576172
Y_Direction.csv: -0.09996876865625381
