CL = -2.283690
CD = 0.365334
