Cd.csv: 0.5709071258873388
Cl.csv: 3.3022877180580954
CpT_both.csv: -0.7973428670439139
CpT_flap1.csv: -1.27495169110284
CpT_flap2.csv: -0.7973428670439139
Cp_both.csv: -0.7973429020865037
X_Direction.csv: 18.572383880615234
Y_Direction.csv: -4.143334865570068
