Cl = -2.36837643  
Cd = 0.3047731766
