Cd.csv: 0.2005420362484917
Cl.csv: 2.3332746560569975
CpT_both.csv: -0.6004306501456804
CpT_flap1.csv: -0.9077231068281142
CpT_flap2.csv: -0.6004306501456804
Cp_both.csv: -0.6004306768613578
X_Direction.csv: 20.12171745300293
Y_Direction.csv: -0.06008818745613098
