Cd.csv: 0.22995940656318933
Cl.csv: 2.2284885954778693
CpT_both.csv: -0.6980792347426512
CpT_flap1.csv: -0.9875802780206813
CpT_flap2.csv: -0.6980792347426512
Cp_both.csv: -0.6980792631078448
X_Direction.csv: 20.156963348388672
Y_Direction.csv: -0.059217046946287155
