Cd.csv: 0.21210530436303882
Cl.csv: 2.398657568181204
CpT_both.csv: -0.6050680948246693
CpT_flap1.csv: -0.9314664891999438
CpT_flap2.csv: -0.6050680948246693
Cp_both.csv: -0.6050681231195396
X_Direction.csv: 19.844749450683594
Y_Direction.csv: -1.4520952701568604
