Cd.csv: 0.31436458248339705
Cl.csv: 3.3890599057333683
CpT_both.csv: -0.7845187782404414
CpT_flap1.csv: -1.4224499208035517
CpT_flap2.csv: -0.7845187782404414
Cp_both.csv: -0.7845188118629143
X_Direction.csv: 19.870689392089844
Y_Direction.csv: -1.5977020263671875
