Cl = -2.284515612 
Cd = 0.2772292264
