Cd.csv: 1.0416997269549932
Cl.csv: 2.971839392393568
CpT_both.csv: -0.7214032694567049
CpT_flap1.csv: -1.309553876464292
CpT_flap2.csv: -0.7214032694567049
Cp_both.csv: -0.7214033012313843
X_Direction.csv: 20.132722854614258
Y_Direction.csv: -1.7964980602264404
