CL = -1.049480
CD = 0.227001
