CL = -0.999305
CD = 0.227667
