Cd.csv: 1.6283186986884912
Cl.csv: 4.5105088909700966
CpT_both.csv: -1.2053387204174293
CpT_flap1.csv: -2.162414688276061
CpT_flap2.csv: -1.2053387204174293
Cp_both.csv: -1.2053387687987862
X_Direction.csv: 20.492679595947266
Y_Direction.csv: -0.11494670063257217
