Cl =-1.242343   
Cd = 0.204603
