Cd.csv: 1.3113361713841016
Cl.csv: 3.689049244826229
CpT_both.csv: -0.9872694092045468
CpT_flap1.csv: -1.6845061948537583
CpT_flap2.csv: -0.9872694092045468
Cp_both.csv: -0.9872694506145391
X_Direction.csv: 19.98719024658203
Y_Direction.csv: -2.2284038066864014
