CL = -2.264927
CD = 0.336986
