CL = -2.310756
CD = 0.348261
