Cl = -2.123880375
Cd = 0.2848098566
