Cl = -1.117139411 
Cd = 0.2146791564
