Cd.csv: 1.2241700326554155
Cl.csv: 3.2568801276855837
CpT_both.csv: -0.8429682832711581
CpT_flap1.csv: -1.4553092572649184
CpT_flap2.csv: -0.8429682832711581
Cp_both.csv: -0.8429683211209542
X_Direction.csv: 19.931074142456055
Y_Direction.csv: -1.7414683103561401
