Cl = -1.099209   
Cd =  0.381549
