CL = -2.372053
CD = 0.249199
