Cl = -1.074703
Cd =  0.371170
