Cd.csv: 0.20568535705407798
Cl.csv: 2.4781314751031194
CpT_both.csv: -0.6892790040594913
CpT_flap1.csv: -1.1010807775338087
CpT_flap2.csv: -0.6892790040594913
Cp_both.csv: -0.689279032504265
X_Direction.csv: 20.181135177612305
Y_Direction.csv: -0.06409332156181335
