Cl = -1.121596   
Cd =  0.393909
