Cd.csv: 0.506613167151389
Cl.csv: 2.6947832856619143
CpT_both.csv: -0.7118910373652487
CpT_flap1.csv: -1.1264959216920276
CpT_flap2.csv: -0.7118910373652487
Cp_both.csv: -0.7118910711752306
X_Direction.csv: 14.348299980163574
Y_Direction.csv: -1.1674304008483887
