Cd.csv: 0.20801714399848054
Cl.csv: 2.314201717110217
CpT_both.csv: -0.5913852817014179
CpT_flap1.csv: -0.901720136446402
CpT_flap2.csv: -0.5913852817014179
Cp_both.csv: -0.5913853064918636
X_Direction.csv: 20.135868072509766
Y_Direction.csv: -0.06303077191114426
