Cl = -1.112736651 
Cd = 0.2216693465
