Cd.csv: 1.307088993087242
Cl.csv: 3.3888653520458294
CpT_both.csv: -0.9404782813381806
CpT_flap1.csv: -1.602797035776063
CpT_flap2.csv: -0.9404782813381806
Cp_both.csv: -0.9404783201704673
X_Direction.csv: 20.367048263549805
Y_Direction.csv: -0.08930788189172745
