Cl =-2.206502203  
Cd = 0.3086846647
