Cd.csv: 0.3138073976672623
Cl.csv: 3.405170289640399
CpT_both.csv: -0.7975958568594431
CpT_flap1.csv: -1.4350426326567702
CpT_flap2.csv: -0.7975958568594431
Cp_both.csv: -0.7975958993117414
X_Direction.csv: 20.32662010192871
Y_Direction.csv: -0.07886952906847
