Cd.csv: 0.2171052894723694
Cl.csv: 2.5856109071102154
CpT_both.csv: -0.6340549416308372
CpT_flap1.csv: -1.0932142708360002
CpT_flap2.csv: -0.6340549416308372
Cp_both.csv: -0.6340549706909244
X_Direction.csv: 19.96161460876465
Y_Direction.csv: -1.4237388372421265
